12300
12340
34320
56400
87800
1
2
4
5
6
9
10
12
13
15
16
19
21
22
23
24
25
28
29
30
31
32
33
34
35
36
37
38
40
41
44
46
47
48
49
50
53
56
57
60
61
62
64
65
66
68
69
70
71
72
73
74
75
76
77
78
80
81
82
84
88
89
92
93
96
97
98
99
100
101
103
104
105
106
107
108
109
111
112
113
114
115
116
118
119
120
121
122
124
126
127
130
131
133
135
136
137
139
141
142
143
144
145
146
148
149
150
151
153
157
158
160
161
167
168
169
170
171
172
173
175
176
179
180
181
183
184
186
187
188
189
191
193
195
196
199
200
201
204
205
206
207
208
209
210
211
212
215
216
217
218
219
220
221
223
225
227
228
229
231
232
233
234
235
236
237
239
240
241
242
243
244
245
246
247
248
249
251
252
253
254
255
256
257
258
260
261
262
263
265
266
267
269
270
271
272
273
274
275
276
277
278
279
280
281
282
284
285
286
288
291
292
293
294
295
296
297
299
300
301
302
303
305
306
307
309
311
312
313
315
317
319
322
324
325
326
327
328
329
330
331
332
333
334
335
336
337
338
339
341
343
344